1
400 200
400 600
1
700 100 basic

2
200 200
200 600
200 600
600 600
1
700 400 bunker

2
150 2
150 700
600 100
600 796
3
100 100 basic
700 700 basic
700 100 basic

4
200 200
200 600
200 200
600 200
200 600
600 600
600 200
600 600
1
700 100 basic

8
200 2
200 150
200 300
200 500
200 650
200 796
600 2
600 150
600 300
600 500
600 650
600 796
400 160
400 320
400 480
400 640
2
700 150 bunker
500 700 basic

6
160 160
160 320
160 320
320 320
320 320
320 480
320 480
480 480
480 480
480 640
480 640
640 640
3
50 50 basic
750 750 basic
700 100 bunker

4
2 267 
267 267
2 533
267 533
533 267
796 267
533 533
796 533
5
133 133 basic
133 400 basic
667 133 basic
667 400 basic
667 667 basic


4
75 675
130 675
130 675
130 725
79 671
134 671
134 671
134 721
8
133 133 basic
133 400 basic
400 133 basic
400 400 basic
400 667 basic
667 133 basic
667 400 basic
667 667 basic

6
200 400
200 550
400 200
400 350
600 2
600 100
300 650
450 650
450 450
600 450
700 250
796 250
5
700 100 bunker
700 700 basic
100 100 basic
300 500 basic
500 300 basic

20
700 2
700 100
100 100
700 100
100 100
100 300
200 200
796 200
100 300
300 300
400 300
796 300
2 400
300 400
400 300 
400 500
500 500
600 500
500 400
500 600
100 500
400 500
500 500
796 500
500 400 
600 400
200 600
200 796
200 600
300 600
300 700
500 700
500 700
500 796
600 600
600 796
600 700
700 700
400 600
500 600
6
700 700 bunker
50 350 bunker
750 50 bunker
750 250 bunker
650 450 bunker
650 50 bunker


First line = number of walls
Next lines = starting (x,y) then ending 
	(x,y) for each wall
Next = number of enemies
After = enemy positions (x,y) and type (basic or bunker)